-77.043227999999999
-77.037450336473228
-77.031672672946470
-77.025895009419699
-77.020117345892942
-77.014339682366170
-77.008562018839413
-77.002784355312642
-76.997006691785884
-76.991229028259127
-76.985451364732370
-76.979673701205613
-76.973896037678855
-76.968118374152098
-76.962340710625341
-76.956563047098570
-76.950785383571812
-76.945007720045055
-76.939230056518298
-76.933452392991541
-76.927674729464783
-76.921897065938026
-76.916119402411269
-76.910341738884497
-76.904564075357740
-76.898786411830983
-76.893008748304226
-76.887231084777468
-76.881453421250711
-76.875675757723954
-76.869898094197197
-76.864120430670440
-76.858342767143682
-76.852565103616911
-76.846787440090154
-76.841009776563396
-76.835232113036639
-76.829454449509882
-76.823676785983125
-76.817899122456367
-76.812121458929610
-76.806343795402839
-76.800566131876081
-76.794788468349324
-76.789010804822567
-76.783233141295810
-76.777455477769053
-76.771677814242295
-76.765900150715538
-76.760122487188781
-76.754344823662024
-76.748567160135252
-76.742789496608495
-76.737011833081738
-76.731234169554980
-76.725456506028223
-76.719678842501466
-76.713901178974709
-76.708123515447951
-76.702345851921180
-76.696568188394423
-76.690790524867666
-76.685012861340908
-76.679235197814151
-76.673457534287394
-76.667679870760637
-76.661902207233879
-76.656124543707122
-76.650346880180365
-76.644569216653593
-76.638791553126836
-76.633013889600079
-76.627236226073322
-76.621458562546565
-76.615680899019807
-76.609903235493050
-76.604125571966293
-76.598347908439521
-76.592570244912764
-76.586792581386007
-76.581014917859250
-76.575237254332492
-76.569459590805735
-76.563681927278978
-76.557904263752221
-76.552126600225463
-76.546348936698706
-76.540571273171935
-76.534793609645178
-76.529015946118420
-76.523238282591663
-76.517460619064906
-76.511682955538149
-76.505905292011391
-76.500127628484634
-76.494349964957863
-76.488572301431105
-76.482794637904348
-76.477016974377591
-76.471239310850834
-76.465461647324076
-76.459683983797319
-76.453906320270562
-76.448128656743805
-76.442350993217048
-76.436573329690276
-76.430795666163519
-76.425018002636762
-76.419240339110004
-76.413462675583247
-76.407685012056490
-76.401907348529733
-76.396129685002975
-76.390352021476204
-76.384574357949447
-76.378796694422689
-76.373019030895932
-76.367241367369175
-76.361463703842418
-76.355686040315661
-76.349908376788903
-76.344130713262146
-76.338353049735389
-76.332575386208617
-76.326797722681860
-76.321020059155103
-76.315242395628346
-76.309464732101588
-76.303687068574831
-76.297909405048074
-76.292131741521317
-76.286354077994545
-76.280576414467788
-76.274798750941031
-76.269021087414274
-76.263243423887516
-76.257465760360759
-76.251688096834002
-76.245910433307245
-76.240132769780487
-76.234355106253730
-76.228577442726959
-76.222799779200201
-76.217022115673444
-76.211244452146687
-76.205466788619930
-76.199689125093172
-76.193911461566415
-76.188133798039658
-76.182356134512887
-76.176578470986129
-76.170800807459372
-76.165023143932615
-76.159245480405858
-76.153467816879100
-76.147690153352343
-76.141912489825586
-76.136134826298829
-76.130357162772071
-76.124579499245300
-76.118801835718543
-76.113024172191786
-76.107246508665028
-76.101468845138271
-76.095691181611514
-76.089913518084757
-76.084135854557999
-76.078358191031228
-76.072580527504471
-76.066802863977713
-76.061025200450956
-76.055247536924199
-76.049469873397442
-76.043692209870684
-76.037914546343927
-76.032136882817170
-76.026359219290413
-76.020581555763641
-76.014803892236884
-76.009026228710127
-76.003248565183370
-75.997470901656612
-75.991693238129855
-75.985915574603098
-75.980137911076341
-75.974360247549569
-75.968582584022812
-75.962804920496055
-75.957027256969297
-75.951249593442540
-75.945471929915783
-75.939694266389026
-75.933916602862269
-75.928138939335497
-75.922361275808740
-75.916583612281983
-75.910805948755225
-75.905028285228468
-75.899250621701711
-75.893472958174954
-75.887695294648196
-75.881917631121439
-75.876139967594682
-75.870362304067910
-75.864584640541153
-75.858806977014396
-75.853029313487639
-75.847251649960882
-75.841473986434124
-75.835696322907367
-75.829918659380610
-75.824140995853838
-75.818363332327081
-75.812585668800324
-75.806808005273567
-75.801030341746809
-75.795252678220052
-75.789475014693295
-75.783697351166538
-75.777919687639780
-75.772142024113023
-75.766364360586252
-75.760586697059495
-75.754809033532737
-75.749031370005980
-75.743253706479223
-75.737476042952466
-75.731698379425708
-75.725920715898951
-75.720143052372180
-75.714365388845422
-75.708587725318665
-75.702810061791908
-75.697032398265151
-75.691254734738393
-75.685477071211636
-75.679699407684879
-75.673921744158122
-75.668144080631365
-75.662366417104593
-75.656588753577836
-75.650811090051079
-75.645033426524321
-75.639255762997564
-75.633478099470807
-75.627700435944050
-75.621922772417292
-75.616145108890521
-75.610367445363764
-75.604589781837007
-75.598812118310249
-75.593034454783492
-75.587256791256735
-75.581479127729978
-75.575701464203220
-75.569923800676463
-75.564146137149706
-75.558368473622934
-75.552590810096177
-75.546813146569420
-75.541035483042663
-75.535257819515905
-75.529480155989148
-75.523702492462391
-75.517924828935634
-75.512147165408862
-75.506369501882105
-75.500591838355348
-75.494814174828591
-75.489036511301833
-75.483258847775076
-75.477481184248319
-75.471703520721562
-75.465925857194804
-75.460148193668047
-75.454370530141276
-75.448592866614518
-75.442815203087761
-75.437037539561004
-75.431259876034247
-75.425482212507490
-75.419704548980732
-75.413926885453975
-75.408149221927204
-75.402371558400446
-75.396593894873689
-75.390816231346932
-75.385038567820175
-75.379260904293417
-75.373483240766660
-75.367705577239903
-75.361927913713146
-75.356150250186388
-75.350372586659617
-75.344594923132860
-75.338817259606103
-75.333039596079345
-75.327261932552588
-75.321484269025831
-75.315706605499074
-75.309928941972316
-75.304151278445545
-75.298373614918788
-75.292595951392030
-75.286818287865273
-75.281040624338516
-75.275262960811759
-75.269485297285001
-75.263707633758244
-75.257929970231487
-75.252152306704730
-75.246374643177958
-75.240596979651201
-75.234819316124444
-75.229041652597687
-75.223263989070929
-75.217486325544172
-75.211708662017415
-75.205930998490658
-75.200153334963886
-75.194375671437129
-75.188598007910372
-75.182820344383614
-75.177042680856857
-75.171265017330100
-75.165487353803343
-75.159709690276586
-75.153932026749828
-75.148154363223071
-75.142376699696300
-75.136599036169542
-75.130821372642785
-75.125043709116028
-75.119266045589271
-75.113488382062513
-75.107710718535756
-75.101933055008999
-75.096155391482228
-75.090377727955470
-75.084600064428713
-75.078822400901956
-75.073044737375199
-75.067267073848441
-75.061489410321684
-75.055711746794927
-75.049934083268170
-75.044156419741412
-75.038378756214641
-75.032601092687884
-75.026823429161126
-75.021045765634369
-75.015268102107612
-75.009490438580855
-75.003712775054098
-74.997935111527340
-74.992157448000569
-74.986379784473812
-74.980602120947054
-74.974824457420297
-74.969046793893540
-74.963269130366783
-74.957491466840025
-74.951713803313268
-74.945936139786511
-74.940158476259754
-74.934380812732982
-74.928603149206225
-74.922825485679468
-74.917047822152711
-74.911270158625953
-74.905492495099196
-74.899714831572439
-74.893937168045682
-74.888159504518910
-74.882381840992153
-74.876604177465396
-74.870826513938638
-74.865048850411881
-74.859271186885124
-74.853493523358367
-74.847715859831609
-74.841938196304852
-74.836160532778095
-74.830382869251324
-74.824605205724566
-74.818827542197809
-74.813049878671052
-74.807272215144295
-74.801494551617537
-74.795716888090780
-74.789939224564023
-74.784161561037251
-74.778383897510494
-74.772606233983737
-74.766828570456980
-74.761050906930222
-74.755273243403465
-74.749495579876708
-74.743717916349951
-74.737940252823194
