38.909793999999998
38.905278764002126
38.900763524502509
38.896248281501272
38.891733034998502
38.887217784994334
38.882702531488867
38.878187274482244
38.873672013974556
38.869156749965931
38.864641482456484
38.860126211446335
38.855610936935591
38.851095658924365
38.846580377412792
38.842065092400979
38.837549803889040
38.833034511877095
38.828519216365265
38.824003917353657
38.819488614842399
38.814973308831611
38.810457999321393
38.805942686311873
38.801427369803172
38.796912049795395
38.792396726288672
38.787881399283116
38.783366068778854
38.778850734775986
38.774335397274633
38.769820056274924
38.765304711776970
38.760789363780894
38.756274012286802
38.751758657294829
38.747243298805095
38.742727936817694
38.738212571332774
38.733697202350434
38.729181829870797
38.724666453893988
38.720151074420123
38.715635691449322
38.711120304981705
38.706604915017394
38.702089521556495
38.697574124599150
38.693058724145452
38.688543320195528
38.684027912749514
38.679512501807501
38.674997087369647
38.670481669436050
38.665966248006825
38.661450823082099
38.656935394661986
38.652419962746627
38.647904527336124
38.643389088430617
38.638873646030198
38.634358200135004
38.629842750745141
38.625327297860743
38.620811841481938
38.616296381608834
38.611780918241557
38.607265451380229
38.602749981024978
38.598234507175910
38.593719029833153
38.589203548996828
38.584688064667070
38.580172576843985
38.575657085527702
38.571141590718348
38.566626092416030
38.562110590620875
38.557595085333020
38.553079576552570
38.548564064279645
38.544048548514375
38.539533029256887
38.535017506507295
38.530501980265726
38.525986450532308
38.521470917307155
38.516955380590396
38.512439840382150
38.507924296682546
38.503408749491690
38.498893198809725
38.494377644636771
38.489862086972941
38.485346525818365
38.480830961173169
38.476315393037474
38.471799821411409
38.467284246295094
38.462768667688657
38.458253085592219
38.453737500005900
38.449221910929815
38.444706318364112
38.440190722308898
38.435675122764309
38.431159519730464
38.426643913207492
38.422128303195507
38.417612689694650
38.413097072705035
38.408581452226791
38.404065828260038
38.399550200804896
38.395034569861515
38.390518935429995
38.386003297510470
38.381487656103069
38.376972011207918
38.372456362825140
38.367940710954862
38.363425055597205
38.358909396752303
38.354393734420277
38.349878068601257
38.345362399295368
38.340846726502733
38.336331050223471
38.331815370457726
38.327299687205617
38.322784000467266
38.318268310242793
38.313752616532355
38.309236919336044
38.304721218654009
38.300205514486372
38.295689806833245
38.291174095694778
38.286658381071092
38.282142662962315
38.277626941368581
38.273111216290005
38.268595487726714
38.264079755678850
38.259564020146520
38.255048281129866
38.250532538629017
38.246016792644092
38.241501043175219
38.236985290222549
38.232469533786180
38.227953773866268
38.223438010462921
38.218922243576266
38.214406473206459
38.209890699353600
38.205374922017825
38.200859141199274
38.196343356898062
38.191827569114331
38.187311777848215
38.182795983099822
38.178280184869301
38.173764383156758
38.169248577962350
38.164732769286189
38.160216957128405
38.155701141489132
38.151185322368498
38.146669499766652
38.142153673683708
38.137637844119794
38.133122011075052
38.128606174549589
38.124090334543553
38.119574491057072
38.115058644090283
38.110542793643312
38.106026939716287
38.101511082309337
38.096995221422596
38.092479357056192
38.087963489210267
38.083447617884943
38.078931743080361
38.074415864796649
38.069899983033920
38.065384097792325
38.060868209071998
38.056352316873060
38.051836421195645
38.047320522039890
38.042804619405921
38.038288713293873
38.033772803703883
38.029256890636070
38.024740974090584
38.020225054067545
38.015709130567096
38.011193203589350
38.006677273134471
38.002161339202573
37.997645401793790
37.993129460908250
37.988613516546096
37.984097568707455
37.979581617392455
37.975065662601246
37.970549704333948
37.966033742590696
37.961517777371625
37.957001808676878
37.952485836506575
37.947969860860866
37.943453881739870
37.938937899143710
37.934421913072562
37.929905923526526
37.925389930505744
37.920873934010352
37.916357934040484
37.911841930596282
37.907325923677874
37.902809913285381
37.898293899418952
37.893777882078730
37.889261861264849
37.884745836977430
37.880229809216615
37.875713777982540
37.871197743275339
37.866681705095147
37.862165663442092
37.857649618316323
37.853133569717968
37.848617517647170
37.844101462104064
37.839585403088783
37.835069340601457
37.830553274642234
37.826037205211243
37.821521132308625
37.817005055934509
37.812488976089035
37.807972892772341
37.803456805984567
37.798940715725848
37.794424621996313
37.789908524796111
37.785392424125362
37.780876319984223
37.776360212372829
37.771844101291308
37.767327986739794
37.762811868718444
37.758295747227372
37.753779622266727
37.749263493836651
37.744747361937279
37.740231226568731
37.735715087731172
37.731198945424723
37.726682799649531
37.722166650405732
37.717650497693469
37.713134341512877
37.708618181864082
37.704102018747236
37.699585852162478
37.695069682109946
37.690553508589772
37.686037331602101
37.681521151147074
37.677004967224832
37.672488779835511
37.667972588979239
37.663456394656158
37.658940196866418
37.654423995610159
37.649907790887525
37.645391582698650
37.640875371043670
37.636359155922726
37.631842937335961
37.627326715283495
37.622810489765492
37.618294260782086
37.613778028333407
37.609261792419616
37.604745553040843
37.600229310197228
37.595713063888915
37.591196814116046
37.586680560878747
37.582164304177169
37.577648044011468
37.573131780381765
37.568615513288208
37.564099242730947
37.559582968710117
37.555066691225854
37.550550410278298
37.546034125867600
37.541517837993894
37.537001546657329
37.532485251858041
37.527968953596172
37.523452651871878
37.518936346685273
37.514420038036512
37.509903725925746
37.505387410353116
37.500871091318764
37.496354768822826
37.491838442865443
37.487322113446780
37.482805780566956
37.478289444226121
37.473773104424417
37.469256761161979
37.464740414438971
37.460224064255527
37.455707710611783
37.451191353507888
37.446674992943983
37.442158628920211
37.437642261436721
37.433125890493656
37.428609516091157
37.424093138229381
37.419576756908441
37.415060372128515
37.410543983889731
37.406027592192231
37.401511197036164
37.396994798421673
37.392478396348906
37.387961990818006
37.383445581829122
37.378929169382388
37.374412753477962
37.369896334115985
37.365379911296593
37.360863485019934
37.356347055286165
37.351830622095420
37.347314185447843
37.342797745343589
37.338281301782807
37.333764854765619
37.329248404292201
37.324731950362676
37.320215492977205
37.315699032135925
37.311182567838983
37.306666100086517
37.302149628878695
37.297633154215646
37.293116676097519
37.288600194524477
37.284083709496642
37.279567221014169
37.275050729077208
37.270534233685922
37.266017734840425
37.261501232540894
37.256984726787465
37.252468217580287
37.247951704919501
37.243435188805250
37.238918669237691
37.234402146216972
37.229885619743236
37.225369089816638
37.220852556437322
37.216336019605436
37.211819479321129
37.207302935584536
37.202786388395822
37.198269837755134
37.193753283662602
37.189236726118402
37.184720165122663
37.180203600675540
37.175687032777191
37.171170461427749
37.166653886627373
37.162137308376217
37.157620726674416
37.153104141522121
37.148587552919487
37.144070960866664
37.139554365363800
37.135037766411031
37.130521164008535
37.126004558156438
37.121487948854906
37.116971336104072
37.112454719904100
37.107938100255147
